[gd_scene load_steps=13 format=3 uid="uid://j2wdcrmahgfj"]

[ext_resource type="PackedScene" uid="uid://j11yt56s8bb1" path="res://objects/constructables/constructable_template.tscn" id="1_634h4"]
[ext_resource type="PackedScene" uid="uid://u4ee2m03qhgy" path="res://assets/meshes/raft.tscn" id="2_beve0"]
[ext_resource type="Script" path="res://items/interactables/raft.gd" id="3_bxfui"]

[sub_resource type="BoxShape3D" id="BoxShape3D_jjjh3"]
size = Vector3(2.52817, 0.268494, 4.96478)

[sub_resource type="BoxShape3D" id="BoxShape3D_ocend"]
size = Vector3(0.438925, 0.280731, 0.450773)

[sub_resource type="BoxShape3D" id="BoxShape3D_6g88m"]
size = Vector3(0.438925, 0.280731, 0.450773)

[sub_resource type="BoxShape3D" id="BoxShape3D_oe0gm"]
size = Vector3(0.136623, 2.76153, 0.101951)

[sub_resource type="BoxShape3D" id="BoxShape3D_stqs1"]
size = Vector3(2.93894, 1.82754, 0.101951)

[sub_resource type="BoxShape3D" id="BoxShape3D_4uwx3"]
size = Vector3(2.09592, 2.2504, 0.0573232)

[sub_resource type="BoxShape3D" id="BoxShape3D_sww60"]
size = Vector3(2.09592, 2.2504, 0.0573232)

[sub_resource type="BoxShape3D" id="BoxShape3D_d4rg3"]
size = Vector3(0.444378, 0.280731, 0.44445)

[sub_resource type="BoxShape3D" id="BoxShape3D_n3jbj"]
size = Vector3(2.52023, 1.03308, 2.9585)

[node name="ConstructableRaft" instance=ExtResource("1_634h4")]

[node name="Raft" parent="." index="0" instance=ExtResource("2_beve0")]

[node name="CollisionShape3D" type="CollisionShape3D" parent="." index="1"]
transform = Transform3D(1, 0, 0, 0, 1, 0, 0, 0, 1, 0.00424045, -0.0160217, 0.0041846)
shape = SubResource("BoxShape3D_jjjh3")

[node name="CollisionShape3D2" type="CollisionShape3D" parent="." index="2"]
transform = Transform3D(0.999761, 0, 0.0218847, 0, 1, 0, -0.0218847, 0, 0.999761, 0.070494, 0.259443, -1.85444)
shape = SubResource("BoxShape3D_ocend")

[node name="CollisionShape3D3" type="CollisionShape3D" parent="." index="3"]
transform = Transform3D(0.949988, 0, 0.312285, 0, 1, 0, -0.312285, 0, 0.949988, -0.538144, 0.259443, -0.211446)
shape = SubResource("BoxShape3D_6g88m")

[node name="CollisionShape3D4" type="CollisionShape3D" parent="." index="4"]
transform = Transform3D(0.999991, 0, -0.00429344, 0, 1, 0, 0.00429344, 0, 0.999991, 0.00242531, 1.49984, -0.666433)
shape = SubResource("BoxShape3D_oe0gm")

[node name="CollisionShape3D6" type="CollisionShape3D" parent="." index="5"]
transform = Transform3D(0.999991, 0, -0.00429344, 0, 1, 0, 0.00429344, 0, 0.999991, 0.00170487, 1.96683, -0.784611)
shape = SubResource("BoxShape3D_stqs1")

[node name="CollisionShape3D7" type="CollisionShape3D" parent="." index="6"]
transform = Transform3D(0.536152, 0.00558563, -0.844103, -0.843724, 0.0342324, -0.535684, 0.0259036, 0.999398, 0.0230664, 0.532465, 0.852031, 1.27232)
shape = SubResource("BoxShape3D_4uwx3")

[node name="CollisionShape3D8" type="CollisionShape3D" parent="." index="7"]
transform = Transform3D(-0.557405, 0.00856827, -0.830196, -0.830155, 0.00865037, 0.557466, 0.011958, 0.999926, 0.00229114, -0.568952, 0.973223, 1.27232)
shape = SubResource("BoxShape3D_sww60")

[node name="CollisionShape3D5" type="CollisionShape3D" parent="." index="8"]
transform = Transform3D(0.0949424, 0, 0.995483, 0, 1, 0, -0.995483, 0, 0.0949424, 0.642747, 0.259443, -1.78277)
shape = SubResource("BoxShape3D_d4rg3")

[node name="InteractableRaft" type="Area3D" parent="." index="9"]
collision_layer = 4
collision_mask = 0
monitorable = false
script = ExtResource("3_bxfui")
prompt = "Escape Island! [E]"

[node name="CollisionShape3D" type="CollisionShape3D" parent="InteractableRaft" index="0"]
transform = Transform3D(1, 0, 0, 0, 1, 0, 0, 0, 1, -0.00480652, 0.363525, -0.979248)
shape = SubResource("BoxShape3D_n3jbj")
