[gd_scene load_steps=31 format=3 uid="uid://ddf0do0dqfpkw"]

[ext_resource type="PackedScene" uid="uid://cjslhku04jjw4" path="res://assets/meshes/terrain.tscn" id="1_2012w"]
[ext_resource type="Script" path="res://stages/main_menu.gd" id="1_bod24"]
[ext_resource type="PackedScene" uid="uid://c6t0bjxtx3xhs" path="res://objects/hittable_objects/hittable_tree.tscn" id="2_jmsfh"]
[ext_resource type="PackedScene" uid="uid://71qm5wd52ls6" path="res://objects/hittable_objects/hittable_coal_boulder.tscn" id="3_16kxq"]
[ext_resource type="PackedScene" uid="uid://tqg0ffbulpxy" path="res://objects/hittable_objects/hittable_flintstone_boulder.tscn" id="4_xbavl"]
[ext_resource type="PackedScene" uid="uid://bxgful0qlf8hp" path="res://assets/meshes/water.tscn" id="5_t0aty"]
[ext_resource type="PackedScene" uid="uid://c8pd2qourfsh7" path="res://items/interactables/pickuppable_stone.tscn" id="6_xy5rj"]
[ext_resource type="PackedScene" uid="uid://cxi8pcn1dddq6" path="res://items/interactables/pickuppable_stick.tscn" id="7_jp8y4"]
[ext_resource type="PackedScene" uid="uid://defqtgenity6h" path="res://items/interactables/pickuppable_plant.tscn" id="8_jiyxk"]
[ext_resource type="PackedScene" uid="uid://dm6828ggdcml6" path="res://objects/fruit_bush.tscn" id="9_jvl6b"]
[ext_resource type="PackedScene" uid="uid://df0swb2od6xl0" path="res://assets/meshes/grass.tscn" id="10_i6v1k"]
[ext_resource type="PackedScene" uid="uid://c6k8bs166l3we" path="res://assets/meshes/tent.tscn" id="11_luird"]
[ext_resource type="PackedScene" uid="uid://cm0ao0u8vcb3w" path="res://assets/meshes/campfire.tscn" id="12_qi5w5"]
[ext_resource type="Texture2D" uid="uid://bmlmof0x100hk" path="res://assets/textures/circle32.png" id="13_g6h48"]
[ext_resource type="AudioStream" uid="uid://dfs5nqmoyvbxg" path="res://assets/audio/sfx/campfire.wav" id="14_8548w"]
[ext_resource type="Script" path="res://game/flickering_light.gd" id="15_ie8en"]
[ext_resource type="Script" path="res://game/shaking_camera.gd" id="15_jcmdx"]
[ext_resource type="PackedScene" uid="uid://8wfpqos6xhqo" path="res://actors/animals/wolf.tscn" id="16_4qww5"]
[ext_resource type="Theme" uid="uid://c1es3kuofv7rt" path="res://resources/default_ui_theme.tres" id="18_8yfwy"]

[sub_resource type="ConvexPolygonShape3D" id="ConvexPolygonShape3D_s4uk5"]
points = PackedVector3Array(-150, -5, -150, -150, -5, 150, -32.9483, 0, 10.9534, -32.9483, -0.00636244, 3.64136, -18.2948, 0, -62.2259, 150, -5, -150, -25.6363, -0.00636244, 40.231, -32.9483, -0.00636244, 32.919, -32.9483, 0, 25.5775, 150, -5, 150, 10.9534, 0, 62.1672, 3.64136, -0.00636244, 62.1672, 3.64136, 0, -62.2259, 10.9534, -0.00636244, -62.2259, 18.2655, 0, -54.8845, 25.5775, -0.00636244, -47.5724, 40.231, -0.00636244, -18.2948, 47.5431, -0.00636244, -3.67072, 54.8551, -0.00636244, 25.5775, -18.2948, 0, 40.231, -25.6363, 0, 32.919, 32.919, -0.00636244, 47.5431, 18.2655, -0.00636244, 62.1672, 32.919, 0, 40.231, 40.231, 0, -10.9828, 47.5431, 0, 3.64136, 47.5431, 0, 25.5775)

[sub_resource type="ProceduralSkyMaterial" id="ProceduralSkyMaterial_4m71q"]
sky_top_color = Color(0.054902, 0.0941176, 0.109804, 1)
sky_horizon_color = Color(0.054902, 0.0941176, 0.109804, 1)
ground_bottom_color = Color(0.054902, 0.0941176, 0.109804, 1)
ground_horizon_color = Color(0.054902, 0.0941176, 0.109804, 1)

[sub_resource type="Sky" id="Sky_c0ioq"]
sky_material = SubResource("ProceduralSkyMaterial_4m71q")

[sub_resource type="Environment" id="Environment_2dswi"]
background_mode = 2
sky = SubResource("Sky_c0ioq")
ambient_light_color = Color(0.262745, 0.286275, 0.32549, 1)
ambient_light_sky_contribution = 0.0
fog_enabled = true
fog_light_energy = 0.5
fog_density = 0.05

[sub_resource type="Gradient" id="Gradient_o0fu3"]
offsets = PackedFloat32Array(0, 0.49711, 1)
colors = PackedColorArray(0.827451, 0.619608, 0, 0.666667, 0.835294, 0.0745098, 0, 1, 0.835294, 0.243137, 0, 0.666667)

[sub_resource type="GradientTexture1D" id="GradientTexture1D_8fg4v"]
gradient = SubResource("Gradient_o0fu3")

[sub_resource type="Curve" id="Curve_o0j0p"]
_data = [Vector2(0.0348259, 0.252747), 0.0, 0.0, 0, 0, Vector2(0.253731, 1), 0.0, 0.0, 0, 0, Vector2(1, 0.450549), -2.12384, 0.0, 0, 0]
point_count = 3

[sub_resource type="CurveTexture" id="CurveTexture_mela2"]
curve = SubResource("Curve_o0j0p")

[sub_resource type="ParticleProcessMaterial" id="ParticleProcessMaterial_ou2m7"]
lifetime_randomness = 0.5
emission_shape = 1
emission_sphere_radius = 0.25
direction = Vector3(0, 1, 0)
spread = 10.0
initial_velocity_min = 1.5
initial_velocity_max = 2.0
gravity = Vector3(0, 1, 0)
scale_curve = SubResource("CurveTexture_mela2")
color_ramp = SubResource("GradientTexture1D_8fg4v")
turbulence_enabled = true
turbulence_noise_speed_random = 2.0
turbulence_influence_min = 0.01
turbulence_influence_max = 0.06

[sub_resource type="StandardMaterial3D" id="StandardMaterial3D_khhv1"]
transparency = 1
shading_mode = 0
vertex_color_use_as_albedo = true
albedo_texture = ExtResource("13_g6h48")
billboard_mode = 3
billboard_keep_scale = true
particles_anim_h_frames = 1
particles_anim_v_frames = 1
particles_anim_loop = false

[sub_resource type="QuadMesh" id="QuadMesh_ksroy"]
material = SubResource("StandardMaterial3D_khhv1")
size = Vector2(0.1, 0.1)

[node name="MainMenu" type="Node"]
script = ExtResource("1_bod24")
show_mouse = true

[node name="Island" type="Node3D" parent="."]

[node name="Terrain" parent="Island" instance=ExtResource("1_2012w")]

[node name="StaticBody3D" type="StaticBody3D" parent="Island/Terrain"]

[node name="CollisionShape3D" type="CollisionShape3D" parent="Island/Terrain/StaticBody3D"]
shape = SubResource("ConvexPolygonShape3D_s4uk5")

[node name="Trees" type="Node3D" parent="Island"]

[node name="HittableTree" parent="Island/Trees" instance=ExtResource("2_jmsfh")]
transform = Transform3D(1, 0, 0, 0, 1, 0, 0, 0, 1, 22.3105, 0, 20.3201)

[node name="HittableTree3" parent="Island/Trees" instance=ExtResource("2_jmsfh")]
transform = Transform3D(0.888433, 0, 0.459006, 0, 1, 0, -0.459006, 0, 0.888433, 29.2944, 9.53674e-07, 25.309)

[node name="HittableTree216" parent="Island/Trees" instance=ExtResource("2_jmsfh")]
transform = Transform3D(0.888433, 0, 0.459006, 0, 1, 0, -0.459006, 0, 0.888433, 52.9255, -0.0327818, 25.6228)

[node name="HittableTree217" parent="Island/Trees" instance=ExtResource("2_jmsfh")]
transform = Transform3D(0.888433, 0, 0.459006, 0, 1, 0, -0.459006, 0, 0.888433, 52.8908, -0.12211, 23.3049)

[node name="HittableTree10" parent="Island/Trees" instance=ExtResource("2_jmsfh")]
transform = Transform3D(-0.874527, 0, 0.484977, 0, 1, 0, -0.484977, 0, -0.874527, 27.2273, 1.43051e-06, 27.6681)

[node name="HittableTree89" parent="Island/Trees" instance=ExtResource("2_jmsfh")]
transform = Transform3D(-0.164118, 0, 0.986441, 0, 1, 0, -0.986441, 0, -0.164118, 1.45499, 9.53674e-07, -5.61947)

[node name="HittableTree90" parent="Island/Trees" instance=ExtResource("2_jmsfh")]
transform = Transform3D(0.621927, 0, 0.783075, 0, 1, 0, -0.783075, 0, 0.621927, -1.13966, 0, -0.0155067)

[node name="HittableTree91" parent="Island/Trees" instance=ExtResource("2_jmsfh")]
transform = Transform3D(0.193104, 0, 0.981178, 0, 1, 0, -0.981178, 0, 0.193104, 1.03569, 9.53674e-07, -0.877998)

[node name="HittableTree92" parent="Island/Trees" instance=ExtResource("2_jmsfh")]
transform = Transform3D(-0.903687, 0, 0.428194, 0, 1, 0, -0.428194, 0, -0.903687, -3.71931, 0, 1.43316)

[node name="HittableTree201" parent="Island/Trees" instance=ExtResource("2_jmsfh")]
transform = Transform3D(-0.903687, 0, 0.428194, 0, 1, 0, -0.428194, 0, -0.903687, -7.56262, 0, 0.892956)

[node name="HittableTree202" parent="Island/Trees" instance=ExtResource("2_jmsfh")]
transform = Transform3D(-0.903687, 0, 0.428194, 0, 1, 0, -0.428194, 0, -0.903687, -7.11628, 0, 3.88708)

[node name="HittableTree203" parent="Island/Trees" instance=ExtResource("2_jmsfh")]
transform = Transform3D(-0.903687, 0, 0.428194, 0, 1, 0, -0.428194, 0, -0.903687, -4.47633, 0, 5.01237)

[node name="HittableTree204" parent="Island/Trees" instance=ExtResource("2_jmsfh")]
transform = Transform3D(-0.903687, 0, 0.428194, 0, 1, 0, -0.428194, 0, -0.903687, -11.4763, 0, 8.01237)

[node name="HittableTree93" parent="Island/Trees" instance=ExtResource("2_jmsfh")]
transform = Transform3D(-0.805194, 0, -0.593011, 0, 1, 0, 0.593011, 0, -0.805194, -9.44418, 9.53674e-07, -4.08617)

[node name="HittableTree94" parent="Island/Trees" instance=ExtResource("2_jmsfh")]
transform = Transform3D(-0.979813, 0, 0.199915, 0, 1, 0, -0.199915, 0, -0.979813, -3.27277, 0, -4.31038)

[node name="HittableTree95" parent="Island/Trees" instance=ExtResource("2_jmsfh")]
transform = Transform3D(-0.962261, 0, -0.272129, 0, 1, 0, 0.272129, 0, -0.962261, -5.02682, 9.53674e-07, -5.85938)

[node name="HittableTree96" parent="Island/Trees" instance=ExtResource("2_jmsfh")]
transform = Transform3D(0.0274332, 0, -0.999624, 0, 1, 0, 0.999624, 0, 0.0274332, -0.813013, 0, -2.66636)

[node name="HittableTree97" parent="Island/Trees" instance=ExtResource("2_jmsfh")]
transform = Transform3D(0.0963148, 0, -0.995351, 0, 1, 0, 0.995351, 0, 0.0963148, -4.33828, 9.53674e-07, -2.22906)

[node name="HittableTree98" parent="Island/Trees" instance=ExtResource("2_jmsfh")]
transform = Transform3D(-0.673993, 0, -0.738738, 0, 1, 0, 0.738738, 0, -0.673993, -1.36668, 0, -7.64259)

[node name="HittableTree99" parent="Island/Trees" instance=ExtResource("2_jmsfh")]
transform = Transform3D(-0.259712, 0, -0.965686, 0, 1, 0, 0.965686, 0, -0.259712, -1.7363, 9.53674e-07, -5.71055)

[node name="HittableTree100" parent="Island/Trees" instance=ExtResource("2_jmsfh")]
transform = Transform3D(0.872308, 0, -0.488956, 0, 1, 0, 0.488956, 0, 0.872308, 1.30594, 0, -8.91156)

[node name="HittableTree12" parent="Island/Trees" instance=ExtResource("2_jmsfh")]
transform = Transform3D(-0.788558, 0, -0.61496, 0, 1, 0, 0.61496, 0, -0.788558, 19.3329, 4.76837e-07, 27.933)

[node name="HittableTree81" parent="Island/Trees" instance=ExtResource("2_jmsfh")]
transform = Transform3D(-0.788558, 0, -0.61496, 0, 1, 0, 0.61496, 0, -0.788558, 19.2064, 4.76837e-07, 30.0973)

[node name="HittableTree82" parent="Island/Trees" instance=ExtResource("2_jmsfh")]
transform = Transform3D(0.134003, 0, 0.990981, 0, 1, 0, -0.990981, 0, 0.134003, 23.2211, 4.76837e-07, 41.63)

[node name="HittableTree83" parent="Island/Trees" instance=ExtResource("2_jmsfh")]
transform = Transform3D(0.69063, 0, 0.723208, 0, 1, 0, -0.723208, 0, 0.69063, 23.666, 9.53674e-07, 43.6161)

[node name="HittableTree84" parent="Island/Trees" instance=ExtResource("2_jmsfh")]
transform = Transform3D(-0.476284, 0, 0.879291, 0, 1, 0, -0.879291, 0, -0.476284, 25.9628, 9.53674e-07, 42.3867)

[node name="HittableTree85" parent="Island/Trees" instance=ExtResource("2_jmsfh")]
transform = Transform3D(-0.476284, 0, 0.879291, 0, 1, 0, -0.879291, 0, -0.476284, 23.2887, 1.43051e-06, 45.5751)

[node name="HittableTree86" parent="Island/Trees" instance=ExtResource("2_jmsfh")]
transform = Transform3D(-0.531413, 0, 0.847113, 0, 1, 0, -0.847113, 0, -0.531413, 18.4144, 0, 43.0063)

[node name="HittableTree87" parent="Island/Trees" instance=ExtResource("2_jmsfh")]
transform = Transform3D(-0.995557, 0, -0.0941605, 0, 1, 0, 0.0941605, 0, -0.995557, 16.4916, 4.76837e-07, 41.5514)

[node name="HittableTree88" parent="Island/Trees" instance=ExtResource("2_jmsfh")]
transform = Transform3D(-0.995557, 0, -0.0941605, 0, 1, 0, 0.0941605, 0, -0.995557, 15.2206, 4.76837e-07, 43.3078)

[node name="HittableTree13" parent="Island/Trees" instance=ExtResource("2_jmsfh")]
transform = Transform3D(-0.999409, 0, -0.0343763, 0, 1, 0, 0.0343763, 0, -0.999409, 20.4032, 9.53674e-07, 26.2018)

[node name="HittableTree14" parent="Island/Trees" instance=ExtResource("2_jmsfh")]
transform = Transform3D(-0.274077, 0, -0.961708, 0, 1, 0, 0.961708, 0, -0.274077, 17.9014, 9.53674e-07, 25.4754)

[node name="HittableTree16" parent="Island/Trees" instance=ExtResource("2_jmsfh")]
transform = Transform3D(-0.999978, 0, 0.00659725, 0, 1, 0, -0.00659725, 0, -0.999978, 21.501, 0, 22.3321)

[node name="HittableTree17" parent="Island/Trees" instance=ExtResource("2_jmsfh")]
transform = Transform3D(-0.455172, 0, -0.890404, 0, 1, 0, 0.890404, 0, -0.455172, 19.2412, 4.76837e-07, 23.1729)

[node name="HittableTree18" parent="Island/Trees" instance=ExtResource("2_jmsfh")]
transform = Transform3D(-0.891442, 0, -0.453135, 0, 1, 0, 0.453135, 0, -0.891442, 19.4804, 9.53674e-07, 21.1517)

[node name="HittableTree19" parent="Island/Trees" instance=ExtResource("2_jmsfh")]
transform = Transform3D(0.157607, 0, -0.987502, 0, 1, 0, 0.987502, 0, 0.157607, 16.9058, 9.53674e-07, 21.5496)

[node name="HittableTree20" parent="Island/Trees" instance=ExtResource("2_jmsfh")]
transform = Transform3D(0.157607, 0, -0.987502, 0, 1, 0, 0.987502, 0, 0.157607, 20.4862, 1.43051e-06, 19.4288)

[node name="HittableTree21" parent="Island/Trees" instance=ExtResource("2_jmsfh")]
transform = Transform3D(1, 0, 0, 0, 1, 0, 0, 0, 1, 9.92357, 0, 21.5926)

[node name="HittableTree22" parent="Island/Trees" instance=ExtResource("2_jmsfh")]
transform = Transform3D(0.449288, 0, 0.893387, 0, 1, 0, -0.893387, 0, 0.449288, 12.1778, 4.76837e-07, 20.7369)

[node name="HittableTree23" parent="Island/Trees" instance=ExtResource("2_jmsfh")]
transform = Transform3D(0.888433, 0, 0.459006, 0, 1, 0, -0.459006, 0, 0.888433, 11.9519, 9.53674e-07, 22.7597)

[node name="HittableTree24" parent="Island/Trees" instance=ExtResource("2_jmsfh")]
transform = Transform3D(-0.164118, 0, 0.986441, 0, 1, 0, -0.986441, 0, -0.164118, 14.5238, 9.53674e-07, 22.3448)

[node name="HittableTree25" parent="Island/Trees" instance=ExtResource("2_jmsfh")]
transform = Transform3D(-0.164118, 0, 0.986441, 0, 1, 0, -0.986441, 0, -0.164118, 10.9575, 1.43051e-06, 24.4891)

[node name="HittableTree26" parent="Island/Trees" instance=ExtResource("2_jmsfh")]
transform = Transform3D(0.621927, 0, 0.783075, 0, 1, 0, -0.783075, 0, 0.621927, 11.9291, 0, 27.9488)

[node name="HittableTree27" parent="Island/Trees" instance=ExtResource("2_jmsfh")]
transform = Transform3D(-0.420165, 0, 0.907448, 0, 1, 0, -0.907448, 0, -0.420165, 12.661, 4.76837e-07, 25.6514)

[node name="HittableTree28" parent="Island/Trees" instance=ExtResource("2_jmsfh")]
transform = Transform3D(0.193104, 0, 0.981178, 0, 1, 0, -0.981178, 0, 0.193104, 14.1045, 9.53674e-07, 27.0863)

[node name="HittableTree29" parent="Island/Trees" instance=ExtResource("2_jmsfh")]
transform = Transform3D(-0.874527, 0, 0.484977, 0, 1, 0, -0.484977, 0, -0.874527, 15.3792, 9.53674e-07, 24.8143)

[node name="HittableTree30" parent="Island/Trees" instance=ExtResource("2_jmsfh")]
transform = Transform3D(-0.874527, 0, 0.484977, 0, 1, 0, -0.484977, 0, -0.874527, 14.8404, 1.43051e-06, 28.9406)

[node name="HittableTree31" parent="Island/Trees" instance=ExtResource("2_jmsfh")]
transform = Transform3D(-0.903687, 0, 0.428194, 0, 1, 0, -0.428194, 0, -0.903687, 9.34946, 0, 29.3975)

[node name="HittableTree32" parent="Island/Trees" instance=ExtResource("2_jmsfh")]
transform = Transform3D(-0.788558, 0, -0.61496, 0, 1, 0, 0.61496, 0, -0.788558, 6.94595, 4.76837e-07, 29.2055)

[node name="HittableTree33" parent="Island/Trees" instance=ExtResource("2_jmsfh")]
transform = Transform3D(-0.999409, 0, -0.0343763, 0, 1, 0, 0.0343763, 0, -0.999409, 8.01623, 9.53674e-07, 27.4743)

[node name="HittableTree34" parent="Island/Trees" instance=ExtResource("2_jmsfh")]
transform = Transform3D(-0.274077, 0, -0.961708, 0, 1, 0, 0.961708, 0, -0.274077, 5.51444, 9.53674e-07, 26.7479)

[node name="HittableTree35" parent="Island/Trees" instance=ExtResource("2_jmsfh")]
transform = Transform3D(-0.274077, 0, -0.961708, 0, 1, 0, 0.961708, 0, -0.274077, 9.6554, 1.43051e-06, 26.3372)

[node name="HittableTree36" parent="Island/Trees" instance=ExtResource("2_jmsfh")]
transform = Transform3D(-0.999978, 0, 0.00659725, 0, 1, 0, -0.00659725, 0, -0.999978, 9.11404, 0, 23.6047)

[node name="HittableTree37" parent="Island/Trees" instance=ExtResource("2_jmsfh")]
transform = Transform3D(-0.455172, 0, -0.890404, 0, 1, 0, 0.890404, 0, -0.455172, 6.85422, 4.76837e-07, 24.4455)

[node name="HittableTree38" parent="Island/Trees" instance=ExtResource("2_jmsfh")]
transform = Transform3D(-0.891442, 0, -0.453135, 0, 1, 0, 0.453135, 0, -0.891442, 7.09347, 9.53674e-07, 22.4242)

[node name="HittableTree39" parent="Island/Trees" instance=ExtResource("2_jmsfh")]
transform = Transform3D(0.157607, 0, -0.987502, 0, 1, 0, 0.987502, 0, 0.157607, 4.51892, 9.53674e-07, 22.8221)

[node name="HittableTree40" parent="Island/Trees" instance=ExtResource("2_jmsfh")]
transform = Transform3D(0.157607, 0, -0.987502, 0, 1, 0, 0.987502, 0, 0.157607, 8.09924, 1.43051e-06, 20.7013)

[node name="HittableTree41" parent="Island/Trees" instance=ExtResource("2_jmsfh")]
transform = Transform3D(1, 0, 0, 0, 1, 0, 0, 0, 1, 14.789, 0, 32.1798)

[node name="HittableTree44" parent="Island/Trees" instance=ExtResource("2_jmsfh")]
transform = Transform3D(-0.164118, 0, 0.986441, 0, 1, 0, -0.986441, 0, -0.164118, 19.3892, 9.53674e-07, 32.9321)

[node name="HittableTree45" parent="Island/Trees" instance=ExtResource("2_jmsfh")]
transform = Transform3D(-0.164118, 0, 0.986441, 0, 1, 0, -0.986441, 0, -0.164118, 15.8229, 1.43051e-06, 35.0764)

[node name="HittableTree46" parent="Island/Trees" instance=ExtResource("2_jmsfh")]
transform = Transform3D(0.621927, 0, 0.783075, 0, 1, 0, -0.783075, 0, 0.621927, 16.7945, 0, 38.536)

[node name="HittableTree47" parent="Island/Trees" instance=ExtResource("2_jmsfh")]
transform = Transform3D(-0.420165, 0, 0.907448, 0, 1, 0, -0.907448, 0, -0.420165, 17.5264, 4.76837e-07, 36.2386)

[node name="HittableTree48" parent="Island/Trees" instance=ExtResource("2_jmsfh")]
transform = Transform3D(0.193104, 0, 0.981178, 0, 1, 0, -0.981178, 0, 0.193104, 18.9699, 9.53674e-07, 37.6736)

[node name="HittableTree49" parent="Island/Trees" instance=ExtResource("2_jmsfh")]
transform = Transform3D(-0.874527, 0, 0.484977, 0, 1, 0, -0.484977, 0, -0.874527, 20.2446, 9.53674e-07, 35.4016)

[node name="HittableTree50" parent="Island/Trees" instance=ExtResource("2_jmsfh")]
transform = Transform3D(-0.874527, 0, 0.484977, 0, 1, 0, -0.484977, 0, -0.874527, 19.7058, 1.43051e-06, 39.5279)

[node name="HittableTree51" parent="Island/Trees" instance=ExtResource("2_jmsfh")]
transform = Transform3D(-0.903687, 0, 0.428194, 0, 1, 0, -0.428194, 0, -0.903687, 14.2149, 0, 39.9847)

[node name="HittableTree52" parent="Island/Trees" instance=ExtResource("2_jmsfh")]
transform = Transform3D(-0.788558, 0, -0.61496, 0, 1, 0, 0.61496, 0, -0.788558, 11.8114, 4.76837e-07, 39.7927)

[node name="HittableTree53" parent="Island/Trees" instance=ExtResource("2_jmsfh")]
transform = Transform3D(-0.999409, 0, -0.0343763, 0, 1, 0, 0.0343763, 0, -0.999409, 12.8816, 9.53674e-07, 38.0615)

[node name="HittableTree54" parent="Island/Trees" instance=ExtResource("2_jmsfh")]
transform = Transform3D(-0.274077, 0, -0.961708, 0, 1, 0, 0.961708, 0, -0.274077, 10.3799, 9.53674e-07, 37.3352)

[node name="HittableTree55" parent="Island/Trees" instance=ExtResource("2_jmsfh")]
transform = Transform3D(-0.274077, 0, -0.961708, 0, 1, 0, 0.961708, 0, -0.274077, 14.5208, 1.43051e-06, 36.9244)

[node name="HittableTree56" parent="Island/Trees" instance=ExtResource("2_jmsfh")]
transform = Transform3D(-0.999978, 0, 0.00659725, 0, 1, 0, -0.00659725, 0, -0.999978, 13.9795, 0, 34.1919)

[node name="HittableTree57" parent="Island/Trees" instance=ExtResource("2_jmsfh")]
transform = Transform3D(-0.455172, 0, -0.890404, 0, 1, 0, 0.890404, 0, -0.455172, 11.7196, 4.76837e-07, 35.0327)

[node name="HittableTree58" parent="Island/Trees" instance=ExtResource("2_jmsfh")]
transform = Transform3D(-0.891442, 0, -0.453135, 0, 1, 0, 0.453135, 0, -0.891442, 11.9589, 9.53674e-07, 33.0115)

[node name="HittableTree59" parent="Island/Trees" instance=ExtResource("2_jmsfh")]
transform = Transform3D(0.157607, 0, -0.987502, 0, 1, 0, 0.987502, 0, 0.157607, 9.38433, 9.53674e-07, 33.4093)

[node name="HittableTree205" parent="Island/Trees" instance=ExtResource("2_jmsfh")]
transform = Transform3D(0.157607, 0, -0.987502, 0, 1, 0, 0.987502, 0, 0.157607, 5.56489, 9.53674e-07, 32.7164)

[node name="HittableTree206" parent="Island/Trees" instance=ExtResource("2_jmsfh")]
transform = Transform3D(0.157607, 0, -0.987502, 0, 1, 0, 0.987502, 0, 0.157607, 2.10838, 9.53674e-07, 33.7265)

[node name="HittableTree213" parent="Island/Trees" instance=ExtResource("2_jmsfh")]
transform = Transform3D(0.157607, 0, -0.987502, 0, 1, 0, 0.987502, 0, 0.157607, 3.55736, 9.53674e-07, 30.2542)

[node name="HittableTree214" parent="Island/Trees" instance=ExtResource("2_jmsfh")]
transform = Transform3D(0.157607, 0, -0.987502, 0, 1, 0, 0.987502, 0, 0.157607, 0.457416, 9.53674e-07, 31.15)

[node name="HittableTree215" parent="Island/Trees" instance=ExtResource("2_jmsfh")]
transform = Transform3D(0.157607, 0, -0.987502, 0, 1, 0, 0.987502, 0, 0.157607, -0.542584, 9.53674e-07, 34.15)

[node name="HittableTree207" parent="Island/Trees" instance=ExtResource("2_jmsfh")]
transform = Transform3D(0.157607, 0, -0.987502, 0, 1, 0, 0.987502, 0, 0.157607, 4.10838, 9.53674e-07, 35.7265)

[node name="HittableTree208" parent="Island/Trees" instance=ExtResource("2_jmsfh")]
transform = Transform3D(0.157607, 0, -0.987502, 0, 1, 0, 0.987502, 0, 0.157607, 5.00105, 9.53674e-07, 38.976)

[node name="HittableTree209" parent="Island/Trees" instance=ExtResource("2_jmsfh")]
transform = Transform3D(0.157607, 0, -0.987502, 0, 1, 0, 0.987502, 0, 0.157607, 0.00104523, 9.53674e-07, 37.976)

[node name="HittableTree210" parent="Island/Trees" instance=ExtResource("2_jmsfh")]
transform = Transform3D(0.157607, 0, -0.987502, 0, 1, 0, 0.987502, 0, 0.157607, 2.89318, 9.53674e-07, 43.2238)

[node name="HittableTree211" parent="Island/Trees" instance=ExtResource("2_jmsfh")]
transform = Transform3D(0.157607, 0, -0.987502, 0, 1, 0, 0.987502, 0, 0.157607, -3.3008, 9.53674e-07, 40.946)

[node name="HittableTree212" parent="Island/Trees" instance=ExtResource("2_jmsfh")]
transform = Transform3D(0.157607, 0, -0.987502, 0, 1, 0, 0.987502, 0, 0.157607, -3.3008, 9.53674e-07, 40.946)

[node name="HittableTree60" parent="Island/Trees" instance=ExtResource("2_jmsfh")]
transform = Transform3D(0.157607, 0, -0.987502, 0, 1, 0, 0.987502, 0, 0.157607, 12.9647, 1.43051e-06, 31.2886)

[node name="HittableTree61" parent="Island/Trees" instance=ExtResource("2_jmsfh")]
transform = Transform3D(0.98847, 0, -0.151416, 0, 1, 0, 0.151416, 0, 0.98847, 27.7586, 0, 30.8774)

[node name="HittableTree62" parent="Island/Trees" instance=ExtResource("2_jmsfh")]
transform = Transform3D(0.579381, 0, 0.815057, 0, 1, 0, -0.815057, 0, 0.579381, 30.1164, 4.76837e-07, 30.3729)

[node name="HittableTree63" parent="Island/Trees" instance=ExtResource("2_jmsfh")]
transform = Transform3D(0.94769, 0, 0.319191, 0, 1, 0, -0.319191, 0, 0.94769, 29.5868, 9.53674e-07, 32.3381)

[node name="HittableTree64" parent="Island/Trees" instance=ExtResource("2_jmsfh")]
transform = Transform3D(-0.0128628, 0, 0.999917, 0, 1, 0, -0.999917, 0, -0.0128628, 32.1919, 9.53674e-07, 32.3175)

[node name="HittableTree65" parent="Island/Trees" instance=ExtResource("2_jmsfh")]
transform = Transform3D(-0.0128628, 0, 0.999917, 0, 1, 0, -0.999917, 0, -0.0128628, 28.342, 1.43051e-06, 33.8971)

[node name="HittableTree66" parent="Island/Trees" instance=ExtResource("2_jmsfh")]
transform = Transform3D(0.733327, 0, 0.679877, 0, 1, 0, -0.679877, 0, 0.733327, 28.7786, 0, 37.4639)

[node name="HittableTree67" parent="Island/Trees" instance=ExtResource("2_jmsfh")]
transform = Transform3D(-0.277918, 0, 0.960605, 0, 1, 0, -0.960605, 0, -0.277918, 29.8499, 4.76837e-07, 35.3038)

[node name="HittableTree68" parent="Island/Trees" instance=ExtResource("2_jmsfh")]
transform = Transform3D(0.339444, 0, 0.940626, 0, 1, 0, -0.940626, 0, 0.339444, 31.0595, 9.53674e-07, 36.9408)

[node name="HittableTree69" parent="Island/Trees" instance=ExtResource("2_jmsfh")]
transform = Transform3D(-0.79101, 0, 0.611803, 0, 1, 0, -0.611803, 0, -0.79101, 32.6635, 9.53674e-07, 34.888)

[node name="HittableTree70" parent="Island/Trees" instance=ExtResource("2_jmsfh")]
transform = Transform3D(-0.79101, 0, 0.611803, 0, 1, 0, -0.611803, 0, -0.79101, 31.5061, 1.43051e-06, 38.8851)

[node name="HittableTree71" parent="Island/Trees" instance=ExtResource("2_jmsfh")]
transform = Transform3D(-0.828432, 0, 0.56009, 0, 1, 0, -0.56009, 0, -0.828432, 26.0093, 0, 38.5053)

[node name="HittableTree72" parent="Island/Trees" instance=ExtResource("2_jmsfh")]
transform = Transform3D(-0.872581, 0, -0.488469, 0, 1, 0, 0.488469, 0, -0.872581, 23.6626, 4.76837e-07, 37.9516)

[node name="HittableTree73" parent="Island/Trees" instance=ExtResource("2_jmsfh")]
transform = Transform3D(-0.993091, 0, 0.117347, 0, 1, 0, -0.117347, 0, -0.993091, 24.9827, 9.53674e-07, 36.4024)

[node name="HittableTree74" parent="Island/Trees" instance=ExtResource("2_jmsfh")]
transform = Transform3D(-0.416535, 0, -0.90912, 0, 1, 0, 0.90912, 0, -0.416535, 22.6197, 9.53674e-07, 35.3056)

[node name="HittableTree76" parent="Island/Trees" instance=ExtResource("2_jmsfh")]
transform = Transform3D(-0.98745, 0, 0.157934, 0, 1, 0, -0.157934, 0, -0.98745, 26.6538, 0, 32.7437)

[node name="HittableTree77" parent="Island/Trees" instance=ExtResource("2_jmsfh")]
transform = Transform3D(-0.584745, 0, -0.811217, 0, 1, 0, 0.811217, 0, -0.584745, 24.2927, 4.76837e-07, 33.2326)

[node name="HittableTree78" parent="Island/Trees" instance=ExtResource("2_jmsfh")]
transform = Transform3D(-0.949776, 0, -0.312932, 0, 1, 0, 0.312932, 0, -0.949776, 24.8352, 9.53674e-07, 31.2709)

[node name="HittableTree79" parent="Island/Trees" instance=ExtResource("2_jmsfh")]
transform = Transform3D(0.00626579, 0, -0.999981, 0, 1, 0, 0.999981, 0, 0.00626579, 22.2301, 9.53674e-07, 31.2743)

[node name="HittableTree80" parent="Island/Trees" instance=ExtResource("2_jmsfh")]
transform = Transform3D(0.00626579, 0, -0.999981, 0, 1, 0, 0.999981, 0, 0.00626579, 26.0903, 1.43051e-06, 29.7202)

[node name="HittableTree102" parent="Island/Trees" instance=ExtResource("2_jmsfh")]
transform = Transform3D(-0.862973, 0, 0.505251, 0, 1, 0, -0.505251, 0, -0.862973, 10.2352, -0.020761, -22.3062)

[node name="HittableTree103" parent="Island/Trees" instance=ExtResource("2_jmsfh")]
transform = Transform3D(-0.401516, 0, 0.915852, 0, 1, 0, -0.915852, 0, -0.401516, 16.3691, -0.0207605, -26.6542)

[node name="HittableTree104" parent="Island/Trees" instance=ExtResource("2_jmsfh")]
transform = Transform3D(-0.994888, 0, -0.100987, 0, 1, 0, 0.100987, 0, -0.994888, 11.9892, -0.0207605, -24.545)

[node name="HittableTree106" parent="Island/Trees" instance=ExtResource("2_jmsfh")]
transform = Transform3D(-0.741894, 0, 0.670517, 0, 1, 0, -0.670517, 0, -0.741894, 17.4167, -0.0207615, -21.5989)

[node name="HittableTree107" parent="Island/Trees" instance=ExtResource("2_jmsfh")]
transform = Transform3D(-0.932355, 0, -0.361543, 0, 1, 0, 0.361543, 0, -0.932355, 15.1705, -0.020761, -22.4756)

[node name="HittableTree108" parent="Island/Trees" instance=ExtResource("2_jmsfh")]
transform = Transform3D(-0.966895, 0, 0.255176, 0, 1, 0, -0.255176, 0, -0.966895, 16.6944, -0.0207605, -23.8247)

[node name="HittableTree109" parent="Island/Trees" instance=ExtResource("2_jmsfh")]
transform = Transform3D(-0.539667, 0, -0.841878, 0, 1, 0, 0.841878, 0, -0.539667, 14.5082, -0.0207605, -25.2415)

[node name="HittableTree110" parent="Island/Trees" instance=ExtResource("2_jmsfh")]
transform = Transform3D(-0.539667, 0, -0.841878, 0, 1, 0, 0.841878, 0, -0.539667, 18.5918, -0.0207601, -24.4411)

[node name="HittableTree112" parent="Island/Trees" instance=ExtResource("2_jmsfh")]
transform = Transform3D(-0.994888, 0, -0.100987, 0, 1, 0, 0.100987, 0, -0.994888, -16.2689, -0.0207605, -0.84021)

[node name="HittableTree113" parent="Island/Trees" instance=ExtResource("2_jmsfh")]
transform = Transform3D(-0.741894, 0, 0.670517, 0, 1, 0, -0.670517, 0, -0.741894, -10.8415, -0.0207615, 2.10594)

[node name="HittableTree114" parent="Island/Trees" instance=ExtResource("2_jmsfh")]
transform = Transform3D(-0.966895, 0, 0.255176, 0, 1, 0, -0.255176, 0, -0.966895, -11.5638, -0.0207605, -0.119913)

[node name="HittableTree115" parent="Island/Trees" instance=ExtResource("2_jmsfh")]
transform = Transform3D(-0.484855, 0, -0.874594, 0, 1, 0, 0.874594, 0, -0.484855, -9.56002, -0.0207615, 4.77257)

[node name="HittableTree116" parent="Island/Trees" instance=ExtResource("2_jmsfh")]
transform = Transform3D(0.540549, 0, -0.841313, 0, 1, 0, 0.841313, 0, 0.540549, -15.4326, -0.0207605, 10.1345)

[node name="HittableTree117" parent="Island/Trees" instance=ExtResource("2_jmsfh")]
transform = Transform3D(-0.261886, 0, -0.965099, 0, 1, 0, 0.965099, 0, -0.261886, -15.2635, -0.0207615, 3.9613)

[node name="HittableTree118" parent="Island/Trees" instance=ExtResource("2_jmsfh")]
transform = Transform3D(0.210318, 0, -0.977633, 0, 1, 0, 0.977633, 0, 0.210318, -16.921, -0.0207605, 5.61318)

[node name="HittableTree119" parent="Island/Trees" instance=ExtResource("2_jmsfh")]
transform = Transform3D(0.999342, 0, -0.03626, 0, 1, 0, 0.03626, 0, 0.999342, -13.4662, -0.0207615, 1.6112)

[node name="HittableTree120" parent="Island/Trees" instance=ExtResource("2_jmsfh")]
transform = Transform3D(0.999463, 0, 0.0327539, 0, 1, 0, -0.0327539, 0, 0.999463, -13.2542, -0.0207605, 5.15715)

[node name="HittableTree121" parent="Island/Trees" instance=ExtResource("2_jmsfh")]
transform = Transform3D(0.694332, 0, -0.719655, 0, 1, 0, 0.719655, 0, 0.694332, -18.4676, -0.0207615, 1.84695)

[node name="HittableTree122" parent="Island/Trees" instance=ExtResource("2_jmsfh")]
transform = Transform3D(0.947194, 0, -0.320663, 0, 1, 0, 0.320663, 0, 0.947194, -16.563, -0.0207605, 2.33882)

[node name="HittableTree123" parent="Island/Trees" instance=ExtResource("2_jmsfh")]
transform = Transform3D(0.543497, 0, 0.839411, 0, 1, 0, -0.839411, 0, 0.543497, -19.5638, -0.0207615, -0.90104)

[node name="HittableTree124" parent="Island/Trees" instance=ExtResource("2_jmsfh")]
transform = Transform3D(0.563512, 0, -0.826108, 0, 1, 0, 0.826108, 0, 0.563512, 18.3536, -0.020761, -16.5458)

[node name="HittableTree125" parent="Island/Trees" instance=ExtResource("2_jmsfh")]
transform = Transform3D(0.563512, 0, -0.826108, 0, 1, 0, 0.826108, 0, 0.563512, 20.5055, -0.020761, -16.2819)

[node name="HittableTree126" parent="Island/Trees" instance=ExtResource("2_jmsfh")]
transform = Transform3D(-0.98044, 0, 0.196819, 0, 1, 0, -0.196819, 0, -0.98044, 32.2704, -0.020761, -19.5542)

[node name="HittableTree127" parent="Island/Trees" instance=ExtResource("2_jmsfh")]
transform = Transform3D(-0.677775, 0, 0.73527, 0, 1, 0, -0.73527, 0, -0.677775, 34.2808, -0.0207605, -19.8717)

[node name="HittableTree128" parent="Island/Trees" instance=ExtResource("2_jmsfh")]
transform = Transform3D(-0.907829, 0, -0.419341, 0, 1, 0, 0.419341, 0, -0.907829, 33.2001, -0.0207605, -22.2421)

[node name="HittableTree129" parent="Island/Trees" instance=ExtResource("2_jmsfh")]
transform = Transform3D(-0.907829, 0, -0.419341, 0, 1, 0, 0.419341, 0, -0.907829, 36.2118, -0.0207601, -19.3705)

[node name="HittableTree130" parent="Island/Trees" instance=ExtResource("2_jmsfh")]
transform = Transform3D(-0.879225, 0, -0.476407, 0, 1, 0, 0.476407, 0, -0.879225, 33.3378, -0.0207615, -14.6696)

[node name="HittableTree131" parent="Island/Trees" instance=ExtResource("2_jmsfh")]
transform = Transform3D(0.0305908, 0, -0.999532, 0, 1, 0, 0.999532, 0, 0.0305908, 31.7635, -0.020761, -12.8433)

[node name="HittableTree132" parent="Island/Trees" instance=ExtResource("2_jmsfh")]
transform = Transform3D(0.0305908, 0, -0.999532, 0, 1, 0, 0.999532, 0, 0.0305908, 33.4355, -0.020761, -11.4631)

[node name="HittableTree133" parent="Island/Trees" instance=ExtResource("2_jmsfh")]
transform = Transform3D(-0.0293173, 0, -0.99957, 0, 1, 0, 0.99957, 0, -0.0293173, 16.694, -0.0207605, -17.7242)

[node name="HittableTree134" parent="Island/Trees" instance=ExtResource("2_jmsfh")]
transform = Transform3D(0.942309, 0, -0.334744, 0, 1, 0, 0.334744, 0, 0.942309, 15.8098, -0.0207605, -15.2737)

[node name="HittableTree135" parent="Island/Trees" instance=ExtResource("2_jmsfh")]
transform = Transform3D(0.942309, 0, -0.334744, 0, 1, 0, 0.334744, 0, 0.942309, 15.6635, -0.0207601, -19.4324)

[node name="HittableTree136" parent="Island/Trees" instance=ExtResource("2_jmsfh")]
transform = Transform3D(-0.070244, 0, -0.99753, 0, 1, 0, 0.99753, 0, -0.070244, 12.7839, -0.0207615, -18.3281)

[node name="HittableTree138" parent="Island/Trees" instance=ExtResource("2_jmsfh")]
transform = Transform3D(0.395465, 0, -0.918481, 0, 1, 0, 0.918481, 0, 0.395465, 9.23376, -0.0207596, -14.3317)

[node name="HittableTree139" parent="Island/Trees" instance=ExtResource("2_jmsfh")]
transform = Transform3D(0.995532, 0, 0.0944211, 0, 1, 0, -0.0944211, 0, 0.995532, 11.8286, -0.0207605, -14.5301)

[node name="HittableTree140" parent="Island/Trees" instance=ExtResource("2_jmsfh")]
transform = Transform3D(0.995532, 0, 0.0944211, 0, 1, 0, -0.0944211, 0, 0.995532, 9.9401, -0.0207601, -18.2382)

[node name="HittableTree143" parent="Island/Trees" instance=ExtResource("2_jmsfh")]
transform = Transform3D(-0.401516, 0, 0.915852, 0, 1, 0, -0.915852, 0, -0.401516, 12.7209, -0.0207605, -9.50915)

[node name="HittableTree144" parent="Island/Trees" instance=ExtResource("2_jmsfh")]
transform = Transform3D(-0.994888, 0, -0.100987, 0, 1, 0, 0.100987, 0, -0.994888, 12.4706, -0.0207605, -12.1022)

[node name="HittableTree146" parent="Island/Trees" instance=ExtResource("2_jmsfh")]
transform = Transform3D(-0.741894, 0, 0.670517, 0, 1, 0, -0.670517, 0, -0.741894, 17.898, -0.0207615, -9.15607)

[node name="HittableTree147" parent="Island/Trees" instance=ExtResource("2_jmsfh")]
transform = Transform3D(-0.932355, 0, -0.361543, 0, 1, 0, 0.361543, 0, -0.932355, 15.6519, -0.020761, -10.0327)

[node name="HittableTree148" parent="Island/Trees" instance=ExtResource("2_jmsfh")]
transform = Transform3D(-0.966895, 0, 0.255176, 0, 1, 0, -0.255176, 0, -0.966895, 17.1758, -0.0207605, -11.3819)

[node name="HittableTree149" parent="Island/Trees" instance=ExtResource("2_jmsfh")]
transform = Transform3D(-0.539667, 0, -0.841878, 0, 1, 0, 0.841878, 0, -0.539667, 14.9896, -0.0207605, -12.7987)

[node name="HittableTree150" parent="Island/Trees" instance=ExtResource("2_jmsfh")]
transform = Transform3D(-0.539667, 0, -0.841878, 0, 1, 0, 0.841878, 0, -0.539667, 19.0732, -0.0207601, -11.9983)

[node name="HittableTree151" parent="Island/Trees" instance=ExtResource("2_jmsfh")]
transform = Transform3D(-0.484855, 0, -0.874594, 0, 1, 0, 0.874594, 0, -0.484855, 19.1795, -0.0207615, -6.48944)

[node name="HittableTree152" parent="Island/Trees" instance=ExtResource("2_jmsfh")]
transform = Transform3D(0.563512, 0, -0.826108, 0, 1, 0, 0.826108, 0, 0.563512, 18.8349, -0.020761, -4.10301)

[node name="HittableTree153" parent="Island/Trees" instance=ExtResource("2_jmsfh")]
transform = Transform3D(-0.0293173, 0, -0.99957, 0, 1, 0, 0.99957, 0, -0.0293173, 17.1754, -0.0207605, -5.28134)

[node name="HittableTree154" parent="Island/Trees" instance=ExtResource("2_jmsfh")]
transform = Transform3D(0.942309, 0, -0.334744, 0, 1, 0, 0.334744, 0, 0.942309, 16.2912, -0.0207605, -2.83087)

[node name="HittableTree155" parent="Island/Trees" instance=ExtResource("2_jmsfh")]
transform = Transform3D(0.942309, 0, -0.334744, 0, 1, 0, 0.334744, 0, 0.942309, 16.1449, -0.0207601, -6.98958)

[node name="HittableTree157" parent="Island/Trees" instance=ExtResource("2_jmsfh")]
transform = Transform3D(0.859621, 0, -0.510933, 0, 1, 0, 0.510933, 0, 0.859621, 14.0787, -0.020761, -4.31451)

[node name="HittableTree158" parent="Island/Trees" instance=ExtResource("2_jmsfh")]
transform = Transform3D(0.395465, 0, -0.918481, 0, 1, 0, 0.918481, 0, 0.395465, 12.0768, -0.0207605, -4.68195)

[node name="HittableTree159" parent="Island/Trees" instance=ExtResource("2_jmsfh")]
transform = Transform3D(0.995532, 0, 0.0944211, 0, 1, 0, -0.0944211, 0, 0.995532, 12.31, -0.0207605, -2.08729)

[node name="HittableTree160" parent="Island/Trees" instance=ExtResource("2_jmsfh")]
transform = Transform3D(0.995532, 0, 0.0944211, 0, 1, 0, -0.0944211, 0, 0.995532, 10.4215, -0.0207601, -5.79536)

[node name="HittableTree163" parent="Island/Trees" instance=ExtResource("2_jmsfh")]
transform = Transform3D(-0.401516, 0, 0.915852, 0, 1, 0, -0.915852, 0, -0.401516, 23.5964, -0.0207605, -13.6907)

[node name="HittableTree164" parent="Island/Trees" instance=ExtResource("2_jmsfh")]
transform = Transform3D(-0.994888, 0, -0.100987, 0, 1, 0, 0.100987, 0, -0.994888, 23.3461, -0.0207605, -16.2838)

[node name="HittableTree165" parent="Island/Trees" instance=ExtResource("2_jmsfh")]
transform = Transform3D(-0.994888, 0, -0.100987, 0, 1, 0, 0.100987, 0, -0.994888, 25.2591, -0.0207601, -12.5882)

[node name="HittableTree166" parent="Island/Trees" instance=ExtResource("2_jmsfh")]
transform = Transform3D(-0.741894, 0, 0.670517, 0, 1, 0, -0.670517, 0, -0.741894, 28.7736, -0.0207615, -13.3376)

[node name="HittableTree167" parent="Island/Trees" instance=ExtResource("2_jmsfh")]
transform = Transform3D(-0.932355, 0, -0.361543, 0, 1, 0, 0.361543, 0, -0.932355, 26.5274, -0.020761, -14.2143)

[node name="HittableTree170" parent="Island/Trees" instance=ExtResource("2_jmsfh")]
transform = Transform3D(-0.539667, 0, -0.841878, 0, 1, 0, 0.841878, 0, -0.539667, 29.9487, -0.0207601, -16.1798)

[node name="HittableTree173" parent="Island/Trees" instance=ExtResource("2_jmsfh")]
transform = Transform3D(-0.0293173, 0, -0.99957, 0, 1, 0, 0.99957, 0, -0.0293173, 28.0509, -0.0207605, -9.46288)

[node name="HittableTree174" parent="Island/Trees" instance=ExtResource("2_jmsfh")]
transform = Transform3D(0.942309, 0, -0.334744, 0, 1, 0, 0.334744, 0, 0.942309, 27.1667, -0.0207605, -7.01241)

[node name="HittableTree175" parent="Island/Trees" instance=ExtResource("2_jmsfh")]
transform = Transform3D(0.942309, 0, -0.334744, 0, 1, 0, 0.334744, 0, 0.942309, 27.0204, -0.0207601, -11.1711)

[node name="HittableTree176" parent="Island/Trees" instance=ExtResource("2_jmsfh")]
transform = Transform3D(-0.070244, 0, -0.99753, 0, 1, 0, 0.99753, 0, -0.070244, 24.259, -0.0207615, -10.8048)

[node name="HittableTree178" parent="Island/Trees" instance=ExtResource("2_jmsfh")]
transform = Transform3D(0.395465, 0, -0.918481, 0, 1, 0, 0.918481, 0, 0.395465, 22.9524, -0.0207605, -8.86349)

[node name="HittableTree179" parent="Island/Trees" instance=ExtResource("2_jmsfh")]
transform = Transform3D(0.995532, 0, 0.0944211, 0, 1, 0, -0.0944211, 0, 0.995532, 23.1855, -0.0207605, -6.26883)

[node name="HittableTree180" parent="Island/Trees" instance=ExtResource("2_jmsfh")]
transform = Transform3D(0.995532, 0, 0.0944211, 0, 1, 0, -0.0944211, 0, 0.995532, 21.297, -0.0207601, -9.9769)

[node name="HittableTree181" parent="Island/Trees" instance=ExtResource("2_jmsfh")]
transform = Transform3D(0.214036, 0, 0.976826, 0, 1, 0, -0.976826, 0, 0.214036, 21.8284, -0.0207615, -24.767)

[node name="HittableTree182" parent="Island/Trees" instance=ExtResource("2_jmsfh")]
transform = Transform3D(-0.776519, 0, 0.630093, 0, 1, 0, -0.630093, 0, -0.776519, 21.475, -0.020761, -27.1522)

[node name="HittableTree183" parent="Island/Trees" instance=ExtResource("2_jmsfh")]
transform = Transform3D(-0.258212, 0, 0.966088, 0, 1, 0, -0.966088, 0, -0.258212, 23.4025, -0.0207605, -26.4985)

[node name="HittableTree184" parent="Island/Trees" instance=ExtResource("2_jmsfh")]
transform = Transform3D(-0.998708, 0, 0.0508195, 0, 1, 0, -0.0508195, 0, -0.998708, 23.5478, -0.0207605, -29.0996)

[node name="HittableTree218" parent="Island/Trees" instance=ExtResource("2_jmsfh")]
transform = Transform3D(-0.998708, 0, 0.0508195, 0, 1, 0, -0.0508195, 0, -0.998708, 16.5703, -0.150895, -53.917)

[node name="HittableTree219" parent="Island/Trees" instance=ExtResource("2_jmsfh")]
transform = Transform3D(-0.998708, 0, 0.0508195, 0, 1, 0, -0.0508195, 0, -0.998708, 18.6229, -0.277008, -55.3332)

